{"66": {"sleep_deep_time": {"mean": 0.48183961275221, "trans_mat": [[0.0001373662163142118, 0.005344954255962991, 3.517925512359555e-07, 0.0011790592496110739, 0.6767734326223462, 0.3165648358632142], [0.30645826170944296, 0.6803764620695889, 5.165116678296647e-47, 0.01316527622096803, 8.670935654313349e-20, 7.886496926330671e-17], [2.5501867607095213e-16, 0.673124655311225, 1.7437575921764253e-79, 0.3268632713689991, 1.2073319775153108e-05, 3.1419000916098064e-16], [0.41940352255092156, 7.668676633783809e-08, 1.583510681112e-05, 0.3314628311598926, 1.0890491606849081e-05, 0.24910684400400163], [3.285344321011055e-05, 3.3904319769775155e-15, 0.11639992492335628, 0.8289276682047098, 0.054639553428719935, 5.482743431682624e-16], [4.7638486736128616e-08, 0.2571926341104345, 0.29398014914527787, 6.726359987725969e-11, 0.4488271281782036, 4.086033363220825e-08]], "var": 0.005519667075727268}, "physicalactivity_calories": {"mean": 0.7739198641954049, "trans_mat": [[0.849586116633243, 0.020812792086897347, 0.011416732430953409, 0.11818435884890628], [0.4520057702048577, 0.0, 0.5479942287182707, 1.0768715785586622e-09], [0.09899700383146294, 2.339240147652979e-16, 0.870954552078618, 0.03004844408991869], [0.47127335875994164, 1.445775504316916e-09, 0.3717496210162976, 0.1569770187779853]], "var": 0.001044126068435778}, "physicalactivity_intense_time": {"mean": 0.0, "trans_mat": [[0.9943181818181768, 0.005681818181823182], [1.0, 2.6235868870720637e-78]], "var": 5.649717514124294e-05}, "physicalactivity_soft_time": {"mean": 0.4625643178283209, "trans_mat": [[0.46290990394074505, 0.05807056533446085, 0.22843638931325175, 0.23022802711258922, 0.020355114298953106], [0.07233322457892453, 0.7848516826382524, 4.980021429365075e-18, 0.14281509278282298, 1.5666368248231658e-29], [0.1258462934580595, 0.17346501209840415, 0.30905004708038997, 0.39163864736314635, 6.377721050577962e-23], [0.33646265426070415, 9.478826558025248e-11, 0.02230319726671206, 0.6412341483777956, 8.504452699526236e-27], [3.330582715190463e-55, 0.06278882797064532, 2.0368467727202078e-56, 1.970716182287193e-65, 0.9372111720293547]], "var": 0.0024297122650671506}, "physicalactivity_moderate_time": {"mean": 0.11121310358491458, "trans_mat": [[0.20614927784219247, 0.6275919762995884, 2.605776379531776e-49, 0.13371137361409283, 0.029570381320325422, 0.0026740141354548268, 0.00030297678834599416], [0.05182426482482545, 0.6170638613610268, 0.014645012013418427, 6.324368158178523e-29, 9.045493889375238e-229, 0.10948209090406784, 0.20698477089666145], [1.6881195850688534e-25, 3.4497209944898886e-07, 2.1736365824058384e-63, 0.5015363793075067, 0.0, 1.2861798944740553e-15, 0.4984632757203926], [0.3313892077741095, 0.6686102772088791, 1.3237743255574998e-33, 1.187717240043599e-56, 6.593975461001127e-153, 9.121050619005308e-35, 5.150170114242221e-07], [1.0048611054938497e-127, 1.0, 0.0, 7.2620153174e-314, 0.0, 1.6329806428247155e-164, 1.9810103919923797e-50], [0.21177204860394042, 6.752137331381853e-13, 0.13567913245047653, 1.2698499034350557e-08, 6.022130435114597e-61, 0.12036472852780211, 0.5321840777186067], [0.40688719692187075, 0.0028555426218317163, 9.331174046593218e-41, 7.90156687380829e-09, 5.449427953312886e-11, 0.297964306171521, 0.2922929463287152]], "var": 0.001224672734072743}, "sleep_awake_time": {"mean": 0.2573150292656752, "trans_mat": [[0.0003323700506440995, 0.9983554825123827, 8.514348162692002e-05, 0.0012270039553462775], [0.6047212167386146, 0.0010297258504363958, 0.3245856481458004, 0.06966340926514869], [1.6409549274920448e-12, 4.5558464871656374e-05, 0.38061918669820166, 0.6193352548352858], [0.7690915672221224, 1.6668637958220248e-05, 8.669326092594119e-12, 0.2308917641312502]], "var": 0.01452107149532507}, "walk_steps": {"mean": 0.2905790655820631, "trans_mat": [[0.24451209156591255, 0.016543171743994813, 0.038420114505729235, 0.7005246221038318, 8.053154994177802e-11], [0.00015385569274738503, 6.343484653757994e-08, 1.42579910732486e-84, 0.19636884707004532, 0.8034772338023608], [5.687848243552912e-56, 4.598729139762241e-134, 0.8498844999658178, 1.9064118848753436e-60, 0.15011550003418211], [0.8987027860956535, 0.10063563020640702, 1.6432110436783468e-21, 0.0006615836979395248, 6.462425963686148e-19], [0.5735129000923342, 7.888136253899122e-60, 3.8941764786979174e-40, 1.3038633446738496e-10, 0.42648709977727933]], "var": 0.004022762423590574}, "sleep_light_time": {"mean": 0.49673988793964124, "trans_mat": [[0.015126821531489233, 0.7368391806550663, 0.24803399781344462], [0.3967629812104411, 0.33052433113757274, 0.2727126876519861], [0.2837641602566576, 8.082913993648492e-05, 0.7161550106034059]], "var": 0.006217569227549213}, "sleep_wakeup_num": {"mean": 0.6000000369582916, "trans_mat": [[6.384107111284473e-39, 0.6248765246079596, 0.12474280067412383, 0.2503806747179166, 6.881321260762472e-83], [0.07490166603924063, 0.6749999999986782, 0.17499999999944704, 0.049999896841127274, 0.0250984371215067], [0.058697171017805055, 0.3529411764684364, 0.41176470588234887, 0.14705872679193754, 0.029538219839472097], [5.9365146374272336e-36, 0.5333333527571983, 0.2666664961564968, 0.20000015108630495, 1.2910755442451304e-45], [1.1668097381323583e-58, 0.6668252509230559, 0.33317474907694417, 2.6337346618358513e-19, 1.4132286428129516e-99]], "var": 0.00125191640489471}, "walk_distance": {"mean": 0.1476965439169851, "trans_mat": [[0.43150332057614404, 4.921611443241493e-05, 1.1041301026295499e-17, 0.5684474633094235, 1.2942453030656066e-42], [0.3578429665146963, 0.05537036607264332, 2.886971303203163e-70, 0.5867866674126603, 2.608406709893112e-32], [0.15031114504982995, 2.969805694556622e-157, 0.8496888549501701, 1.3784016332543134e-36, 4.763291680556411e-167], [6.8768659487258555e-06, 0.11285222617637339, 0.02474193537936418, 0.8355270034030247, 0.026871958175289], [0.3064971683234408, 0.32454143060250085, 1.8382863353301673e-112, 0.3689614010740583, 2.8592589610927396e-35]], "var": 0.0037221708566254836}, "sleep_tosleep_time": {"mean": 0.04046179761578417, "trans_mat": [[0.16909948826196583, 0.6075325894202765, 0.03251705200630289, 0.19085087031145473], [0.28051792392952846, 0.40915043912031435, 0.06290458744172166, 0.24742704950843564], [9.187007496494699e-06, 0.7526748956195933, 9.36861808394659e-23, 0.24731591737291017], [0.28822629693456653, 0.5061660679453741, 0.00043984328790040527, 0.20516779183215889]], "var": 0.0026995879198954778}}, "67": {"sleep_deep_time": {"mean": 0.5990049482704689, "trans_mat": [[0.002086450406583955, 0.08232881091680935, 2.3832761910447805e-16, 5.513095287357527e-06, 0.9155791621069851, 6.347433398162335e-08], [0.7623296795067517, 1.072923990711227e-08, 3.613612245295135e-20, 0.23506006227291193, 8.10780174018547e-05, 0.0025291694736946937], [0.10234697446963642, 0.5470421190281521, 0.26751807114903575, 0.08309281852234468, 1.6745663873192245e-08, 8.516700516414947e-11], [1.2039035743305738e-13, 9.240546416733329e-14, 3.4956243728862086e-29, 0.7264844280211669, 4.1758365480439657e-10, 0.2735155715610368], [0.24310473663679916, 0.7565868521255276, 1.397771046523196e-16, 1.8076867972328165e-06, 3.04562728711286e-06, 0.0003035579235888444], [9.438864573884124e-11, 1.5223832515978547e-09, 0.222357759397763, 1.7976521422345486e-08, 2.165435306784607e-10, 0.7776422207924003]], "var": 0.006960880476576865}, "physicalactivity_calories": {"mean": 0.6981593194684778, "trans_mat": [[0.8199874726954537, 0.037765775044300495, 0.013512376934958052, 0.1287343753252878], [0.00015363321368843682, 0.39224422005664694, 9.049597487227605e-68, 0.6076021467296647], [2.4468486966743724e-31, 3.3154325281741093e-41, 1.0, 3.591317491793066e-38], [0.1801990044440675, 0.17963152588896691, 7.197633793337724e-34, 0.6401694696669655]], "var": 0.000782299934042528}, "physicalactivity_intense_time": {"mean": 0.00010280640191923882, "trans_mat": [[0.9451509250268851, 0.024832338833268786, 0.030016736139845977], [0.5711210200220033, 0.428862498823887, 1.6481154109802993e-05], [0.5802948631635612, 9.68569640550391e-10, 0.4197051358678693]], "var": 6.354561316065993e-05}, "physicalactivity_soft_time": {"mean": 0.3012725070961362, "trans_mat": [[0.026981911214278762, 1.3495920356655457e-55, 2.9966427929672954e-44, 0.002413429425748291, 0.4846457169868496, 0.4859589423731235], [3.6132844333595786e-22, 0.8403394161842835, 6.483751542035733e-294, 2.624947353551009e-78, 0.15966058381571652, 1.793427928355276e-152], [2.4796118423926687e-68, 1.0985105152949288e-116, 0.7781307566719247, 1.4429931767813716e-13, 1.3094099425790332e-85, 0.22186924332793106], [0.004729858507577826, 0.12187561384611413, 0.09135186561435674, 0.14070718666451337, 0.6413044809101068, 3.09944573310169e-05], [0.6706229031442046, 2.1544599311322187e-76, 1.9646849380336522e-47, 0.10627221840088748, 0.2231048784549068, 1.0511813613255607e-15], [0.03864543114670432, 3.3667763340182995e-36, 1.0326858679276655e-28, 0.3412931610042416, 1.8462227793354882e-16, 0.6200614078490538]], "var": 0.0017105027005665423}, "physicalactivity_moderate_time": {"mean": 0.06868495716541288, "trans_mat": [[0.22890432419769718, 0.004922721999676161, 6.258545512105881e-12, 0.46636657905069256, 0.15740078864310394, 2.99332502284351e-36, 0.14240558610257156], [0.4738073420499553, 4.77971645575213e-10, 2.4686039139974674e-15, 1.8105998584286854e-07, 0.5258860168574033, 6.497521000102907e-93, 0.000306459554681335], [1.3121067185705567e-32, 2.7381106290582205e-40, 1.0811800921662246e-80, 0.6665949695846669, 5.80734290725323e-55, 2.30139961543497e-220, 0.33340503041533315], [0.19803108652465498, 0.11985670933702225, 4.1794455380315747e-91, 0.5460471428608067, 0.12070489971091052, 0.015347059760082656, 1.3101806522875212e-05], [0.005703639736188212, 2.7954686240522664e-06, 0.019936271458191282, 0.27033616991922904, 0.4458601320790789, 1.970978843655853e-141, 0.2581609913386886], [1.0745337749241278e-124, 1.0, 0.0, 4.7346688605814343e-296, 1.0787426947848074e-84, 0.0, 3.9330293608064456e-24], [3.4987768199031944e-14, 1.8909329996646462e-05, 0.037858231964222444, 0.15429881400435452, 0.4510661346096078, 2.7734630701856327e-121, 0.35675791009178365]], "var": 0.0014863443330571584}, "sleep_awake_time": {"mean": 0.2982640378089467, "trans_mat": [[0.4515906487334567, 4.03458786749384e-07, 2.096580331521951e-21, 0.3903007855742263, 9.178875011935285e-18, 0.1581081622335303], [6.115186753213958e-06, 0.7805982223278037, 1.0294097721318807e-14, 0.0005669777735594788, 0.21882413685317226, 4.54785870114797e-06], [0.154509603372304, 4.6784698092310024e-05, 1.5088280334324115e-25, 2.1979676047324772e-14, 3.6868819194672405e-17, 0.8454436119295816], [0.24693207188434074, 0.40567180205822945, 8.671741513527128e-25, 0.3473957866217938, 1.3517562629094252e-07, 2.0426000960263349e-07], [2.663248050012662e-06, 2.50758759874598e-18, 0.9288020022608777, 0.0711953344841089, 5.662841740830957e-21, 6.963522040008711e-12], [7.00967560081848e-11, 2.8732617307983822e-05, 0.38004272382934473, 0.2134739818079555, 0.033709304594962866, 0.37274525708033224]], "var": 0.0037507531453577036}, "walk_steps": {"mean": 0.26064477949296877, "trans_mat": [[0.5970677907729112, 0.163873196153191, 0.23905901307389776], [0.6242960641968331, 0.37505613260513126, 0.0006478031980355412], [0.22274753453292093, 0.06107561824935845, 0.7161768472177206]], "var": 0.009748094007503712}, "sleep_light_time": {"mean": 0.5238143853683311, "trans_mat": [[0.22834313497529046, 0.7242266658702727, 0.04740244488747912, 2.7754266957609744e-05], [0.562939136942333, 0.31116406769984256, 6.048573098509423e-08, 0.1258967348720935], [0.4968036859476228, 1.010224370856558e-09, 0.503196313042153, 5.2760590673559426e-24], [0.010995366077204919, 0.09362174096041402, 0.06688705283325619, 0.8284958401291248]], "var": 0.005238155556796349}, "sleep_wakeup_num": {"mean": 0.16666666700000005, "trans_mat": [[0.42592620784778984, 0.05770365137850863, 0.18363499259703503, 0.12962807256618367, 0.20310705853386674, 1.707661608548949e-08], [0.2935860418288788, 1.5622761104012582e-10, 8.910192411667916e-20, 1.4406828285584373e-153, 0.10033278253906718, 0.6060811754758264], [0.36693728592328767, 0.28895760818726945, 2.5533210403054484e-05, 0.208234213014688, 0.13584344355565325, 1.9161086983856115e-06], [0.10713616281960354, 0.10721055802279238, 1.0934823270241778e-14, 0.3571426923785351, 0.39209163907108363, 0.03641894770797446], [0.45169592415544835, 1.2879352435822212e-58, 0.21030178070002392, 0.12559111757439084, 0.14539418453730235, 0.0670169930328346], [5.788707868897896e-07, 2.127648118561105e-10, 2.837826675198204e-19, 0.12548119978978542, 0.8741734771291838, 0.0003447439974789958]], "var": 0.0001851887621727956}, "walk_distance": {"mean": 0.06746470213113459, "trans_mat": [[0.529428022388455, 0.01798520623836781, 0.2632976934357184, 5.303248606688121e-19, 0.06995381574572511, 0.11931968826668647, 1.5573925047236776e-05], [3.8100495011537583e-48, 1.0824129440583396e-18, 2.234934213022632e-16, 0.11555875739051949, 7.011177468166342e-59, 0.8844412426094803, 4.604290297281123e-25], [4.808856392531094e-11, 0.09364352578335053, 0.5942126227994333, 0.08691835829441792, 3.650439636978578e-44, 0.22522152295121012, 3.970123499614622e-06], [6.638183586500025e-62, 0.11814301690425605, 2.2513893862743434e-28, 6.798255081564303e-46, 0.881856983095744, 4.587667596709129e-48, 8.493444907420292e-69], [3.0226554753188652e-22, 6.153595961826807e-70, 0.9245768391435814, 0.07542316085641868, 1.540976368049637e-32, 9.840149009778622e-35, 2.192714095145335e-35], [1.4230578517231791e-09, 7.648970772685762e-09, 4.1844789817406974e-12, 6.611856871433614e-11, 0.133700239706151, 0.09983083171549662, 0.7664689194360207], [0.3221418749926386, 0.05264203823184758, 3.1657864412349952e-15, 0.04086426507167758, 4.2618769083194376e-16, 1.6450623329701582e-12, 0.5843518217021876]], "var": 0.0028850800392535942}, "sleep_tosleep_time": {"mean": 0.13632771774215985, "trans_mat": [[0.26342098051399837, 0.2818542184419687, 1.146573352190024e-06, 1.7835316528033914e-05, 0.29843615698989184, 0.15626966216426094], [0.146751198440668, 0.38276903826965486, 0.060581770324979356, 5.268623693895208e-15, 0.3369662197803923, 0.07293177318430014], [8.330151728028255e-10, 0.8914778586736182, 9.968411221626727e-12, 0.10852002695322326, 2.1102840547437783e-06, 3.246120166612239e-09], [1.295177075853354e-26, 0.16519420084977138, 1.3694582047967596e-22, 1.7869850360653683e-24, 0.8348057991502286, 9.35872273851203e-25], [0.0500183513624941, 0.45886676762736034, 0.18911970172867756, 0.05802569753724536, 0.243969468145662, 1.3598560635145417e-08], [0.3203780292867095, 0.0067933063814015334, 8.251218332260462e-12, 0.4069029848696682, 0.2562753245233804, 0.009650354930589125]], "var": 0.0027596304620442534}}, "68": {"sleep_deep_time": {"mean": 0.30580350035328463, "trans_mat": [[0.7040323088178436, 1.2777139773761605e-11, 0.25119016435809194, 0.04477752681128731], [2.668017788241225e-13, 7.634738719360068e-06, 1.7141598453645847e-15, 0.9999923652610121], [0.2613981944274391, 0.08252774053621369, 0.6560727767297844, 1.2883065628212212e-06], [2.824035206217109e-11, 0.5879178889400336, 0.41205999789054343, 2.2113141182741126e-05]], "var": 0.007269886826397161}, "physicalactivity_calories": {"mean": 0.8397709786162083, "trans_mat": [[0.912848450433915, 4.9044618153124384e-05, 8.819160536631962e-12, 0.010671289359607001, 0.010552526296992671, 0.06587868928251313], [1.0634612815064788e-18, 0.0, 1.519658961034008e-23, 1.839761791766387e-46, 1.9232327726525877e-173, 1.0], [1.1700598155771107e-11, 6.343254805701126e-58, 0.9271125504047407, 6.853142625882418e-20, 4.585267533655421e-71, 0.07288744958355865], [4.6552417207037425e-07, 1.0510551479045659e-39, 0.07462607277389471, 0.9253726644103621, 1.0284696842412008e-31, 7.972915710966566e-07], [1.08573888335261e-18, 3.905188912956043e-208, 1.650771079798191e-23, 3.6199348598736725e-46, 3.889242247527796e-167, 1.0], [0.15099518863444245, 0.018184652614730533, 1.3908875813644947e-09, 1.932854477579286e-09, 2.810943322097311e-17, 0.8308201554270849]], "var": 0.0010840587802223834}, "physicalactivity_intense_time": {"mean": 2.5540400071768587e-232, "trans_mat": [[0.9588011527814805, 0.035294871725315514, 0.005903975493203972], [0.8571428571386616, 0.14285714285713383, 4.204606834987521e-12], [0.9999999996716424, 2.93504598153255e-11, 2.9900713827804205e-10]], "var": 5.848078193927893e-05}, "physicalactivity_soft_time": {"mean": 0.20584418400614785, "trans_mat": [[0.0005496184579266866, 1.1995734706956555e-37, 0.22230828281405865, 0.7771420510117291, 4.771628551403514e-08], [3.230584040151546e-123, 0.9281375017965116, 0.0, 4.942333305227198e-159, 0.07186249820348838], [0.0, 1.0, 0.0, 0.0, 0.0], [0.00035025181529182433, 3.681646206725839e-30, 1.6429772342248579e-37, 0.9749245466581993, 0.024725201526508915], [0.18256384314945218, 3.128741134693512e-36, 5.09572453274438e-27, 2.275682395084013e-09, 0.8174361545748653]], "var": 0.007811004540880338}, "physicalactivity_moderate_time": {"mean": 0.2120810403654649, "trans_mat": [[0.35051744130769563, 2.8246108537743323e-11, 8.913939028876334e-190, 0.10616158131587955, 0.027438815283725004, 0.14263855057014088, 0.37324361149431273], [0.04169709814635807, 0.545652196494855, 0.0, 0.11580037639733019, 3.498055559935475e-16, 4.231348724358296e-39, 0.2968503289614565], [0.0, 6.756608880943324e-125, 0.0, 9.583376800901515e-212, 4.441131553274537e-281, 1.0, 0.0], [1.5367481036576518e-16, 0.3341986085173359, 6.425752533640396e-232, 0.6658013914824442, 9.907684688452716e-22, 2.1979106430305557e-13, 3.5669513423364516e-18], [5.330469995153498e-17, 6.801603140965376e-07, 0.10488205933960373, 1.401598623135097e-10, 0.5358558288020099, 0.3592614315579123, 2.575884787338727e-19], [0.19313963885502472, 6.569129885140238e-44, 0.0, 2.9126317520950127e-12, 1.4958979231179518e-31, 0.8068603611420627, 5.97102833088023e-30], [0.6241530906698105, 0.12064840789271415, 7.871411194647852e-192, 0.10167968978315034, 0.15351881134140152, 3.0991537345878775e-10, 3.0082124678304314e-12]], "var": 0.0018175059081212478}, "sleep_awake_time": {"mean": 0.49912074479700735, "trans_mat": [[0.30220476301595206, 0.015597745132318413, 1.1765144206229295e-11, 0.6821974918399644], [1.9504099448227818e-07, 0.385296340318483, 0.6147034645482103, 9.231232613430912e-11], [0.8451108307257676, 0.003962374764953898, 0.008825297258335023, 0.1421014972509434], [5.110276477281918e-07, 0.8333596124071955, 8.485482758262264e-08, 0.1666397917103292]], "var": 0.014672910630571414}, "walk_steps": {"mean": 0.37205479094687166, "trans_mat": [[0.7407193547011863, 0.06831204767388117, 0.09111635917102891, 0.09985223845390356, 1.2638244930257737e-20], [0.20919521550843842, 0.7908047844603999, 9.612043131389373e-25, 2.9107071125389995e-11, 2.0546601962061803e-12], [0.0006140829867614108, 1.7495879481030006e-16, 0.7711412657932235, 0.18303220174761142, 0.04521244947240352], [0.2342141223585259, 4.7965803773684905e-33, 0.09181786686496651, 0.65650796412033, 0.017460046656177685], [5.001397907501806e-06, 0.3195553003950308, 0.6804396982070209, 4.087913663478029e-14, 1.1301587487325073e-25]], "var": 0.002902486117379828}, "sleep_light_time": {"mean": 0.31184300573500917, "trans_mat": [[0.22466465586782935, 8.32557952808175e-06, 0.21617465155537438, 0.04128035432898539, 0.5178720126682828], [0.7209068579314921, 0.15816056341690699, 2.363219352784053e-10, 2.149701060412561e-15, 0.12093257841527678], [4.804362812003348e-07, 0.3763462737397956, 0.5781102499495122, 0.04554299587440984, 1.0375011962362202e-15], [8.495936581634361e-18, 0.1584587923930347, 0.11996484739354081, 4.454210663682542e-12, 0.7215763602089702], [0.0014034566736873216, 0.5945897371638647, 0.09266353056151329, 0.2398348366246296, 0.07150843897630497]], "var": 0.010859587529060527}, "sleep_wakeup_num": {"mean": 0.39986880737755304, "trans_mat": [[0.9252670944782078, 4.090845706694793e-05, 0.07469199706472537], [0.529422971514329, 0.44173539038168147, 0.02884163810398962], [0.0024273733189613027, 0.365467153293088, 0.6321054733879506]], "var": 0.028408628499027293}, "walk_distance": {"mean": 0.35362037755291587, "trans_mat": [[0.7210740412360395, 0.09046479442222707, 0.11777433696773698, 3.305652084391458e-51, 0.07068682737399652], [0.22945699321141594, 0.649671191552634, 0.12087181523595, 3.534108100315321e-52, 1.2016389652164105e-31], [0.0021675600269780966, 0.18498199257620634, 0.7762017687848138, 0.03664867861200168, 1.2588783337953512e-22], [0.4999214787156277, 2.379984587862767e-10, 3.852810042081354e-06, 3.962598203041132e-86, 0.5000746682363318], [0.20983168874004632, 0.00021862290358117843, 5.7847243236280845e-37, 1.5824074410963527e-88, 0.7899496883563725]], "var": 0.0034879176664086263}, "sleep_tosleep_time": {"mean": 0.14152951805080352, "trans_mat": [[0.12748973787854187, 0.7494139145821542, 0.12309634667343156, 8.65872423037394e-10], [0.2823767770291268, 0.6734092237336842, 0.011141341366422074, 0.03307265787076679], [3.502309869052731e-12, 0.5043938398355365, 4.367184198476361e-16, 0.4956061601609607], [0.22441389106481294, 0.5255954512630283, 0.24999064937399249, 8.298166266352732e-09]], "var": 0.004158427891697288}}}