{"66": {"physical_activity": {"physicalactivity_intense_time": {"means": [[0.8974609028404086, 0.1480343030969218, 0.4769236092830407, 0.5105672080831797], [0.6500515459580086, 0.0, 0.004928166881068575, 0.052661937869062495], [0.7636158025705377, 0.0, 0.10073208556300152, 0.5169258273624315]]}, "covars": [[[0.00477360161209062, 0.0, 0.0, 0.0], [0.0, 0.1276004912344997, 0.0, 0.0], [0.0, 0.0, 0.060363824588924545, 0.0], [0.0, 0.0, 0.0, 0.06893038050601477]], [[0.02964232683770033, 0.0, 0.0, 0.0], [0.0, 0.00031736730967996666, 0.0, 0.0], [0.0, 0.0, 0.0004829653140404095, 0.0], [0.0, 0.0, 0.0, 0.005124861833697939]], [[0.0016110058485307233, 0.0, 0.0, 0.0], [0.0, 7.156373613468056e-05, 0.0, 0.0], [0.0, 0.0, 0.007548605765960021, 0.0], [0.0, 0.0, 0.0, 0.021965854249290727]]], "physicalactivity_calories": {"means": [[0.8974609028404086, 0.1480343030969218, 0.4769236092830407, 0.5105672080831797], [0.6500515459580086, 0.0, 0.004928166881068575, 0.052661937869062495], [0.7636158025705377, 0.0, 0.10073208556300152, 0.5169258273624315]]}, "physicalactivity_moderate_time": {"means": [[0.8974609028404086, 0.1480343030969218, 0.4769236092830407, 0.5105672080831797], [0.6500515459580086, 0.0, 0.004928166881068575, 0.052661937869062495], [0.7636158025705377, 0.0, 0.10073208556300152, 0.5169258273624315]]}, "physicalactivity_soft_time": {"means": [[0.8974609028404086, 0.1480343030969218, 0.4769236092830407, 0.5105672080831797], [0.6500515459580086, 0.0, 0.004928166881068575, 0.052661937869062495], [0.7636158025705377, 0.0, 0.10073208556300152, 0.5169258273624315]]}, "transmat": [[0.1188558903813926, 0.0007459939687674753, 0.8803981156498398], [1.2283616845966585e-82, 0.8014266189537927, 0.19857338104620723], [0.04260125572647697, 0.050398429728433745, 0.9070003145450892]]}, "walking": {"walk_steps": {"means": [[0.31557419752901367, 0.31762249485677024], [0.14404249165573157, 0.146816006437107], [0.3997775418056033, 0.40050273840850165], [0.002065702866665354, 0.0021186536025816615], [0.8475119912133418, 0.7969220312724227], [0.24810851010648288, 0.25059922635489257], [0.5368735016924743, 0.5433065190268596]]}, "walk_distance": {"means": [[0.31557419752901367, 0.31762249485677024], [0.14404249165573157, 0.146816006437107], [0.3997775418056033, 0.40050273840850165], [0.002065702866665354, 0.0021186536025816615], [0.8475119912133418, 0.7969220312724227], [0.24810851010648288, 0.25059922635489257], [0.5368735016924743, 0.5433065190268596]]}, "transmat": [[0.311202290316623, 0.14386301163622692, 0.12480693932403088, 0.024396228576164802, 0.024181891581004658, 0.24447927957136734, 0.12707035899458252], [0.2961958257948785, 0.2763373217101122, 0.145858884247027, 0.038661665834041604, 3.040641857166072e-21, 0.24294630241392826, 1.2556250902002831e-14], [0.25694542648977364, 0.044404792760443894, 0.24214003155958067, 1.3147943062257255e-25, 5.411674964696303e-23, 0.34457901163384874, 0.11193073755635306], [9.515238583441661e-64, 0.14999810770998268, 2.762480747298691e-122, 0.8499995316303162, 5.091250184276462e-116, 2.360659701274897e-06, 8.553052196650934e-202], [3.0887701788414566e-26, 0.3379334530991258, 5.346452450059016e-30, 6.663052936181823e-80, 4.341715900863619e-26, 0.3314703573169389, 0.33059618958393544], [0.227412840307154, 0.09967492475366885, 0.22835530344164925, 0.021879049709095013, 0.04484652895074784, 0.2787845031964788, 0.0990468496412063], [0.2537201577928193, 0.2754867895731111, 0.0006455513295611394, 3.1771597225496175e-53, 1.0201781390916767e-37, 0.4023328396034373, 0.06781466170107119]], "covars": [[[0.0007463270274896814, 0.0], [0.0, 0.0007617383462139687]], [[0.001778379965176299, 0.0], [0.0, 0.0017355724710511704]], [[0.0012851230144970132, 0.0], [0.0, 0.0012700178467822758]], [[0.0005367961702475666, 0.0], [0.0, 0.0005384562683690335]], [[0.01590867577488637, 0.0], [0.0, 0.02507563224459485]], [[0.0007626301095004697, 0.0], [0.0, 0.0007254782976125947]], [[0.002099468538572548, 0.0], [0.0, 0.002197319339456112]]]}, "quality_of_sleep": {"sleep_deep_time": {"means": [[0.25931590345603034, 0.4409700892907855, 0.5682071023441273, 0.218059442092856, 0.2], [0.12950029634070995, 0.4490691922123152, 0.5051767804132206, 0.0057964036984234765, 0.2145741597494762], [0.09657549381961827, 0.3336297492386256, 0.462706020335595, 0.15176149038195103, 1.9177189044244832e-29], [0.4473202378398077, 0.4331604166977908, 0.6150909399983093, 0.26153486669226583, 0.47035784633105154]]}, "covars": [[[0.006983290294950012, 0.0, 0.0, 0.0, 0.0], [0.0, 0.035826705653089715, 0.0, 0.0, 0.0], [0.0, 0.0, 0.026109916896702834, 0.0, 0.0], [0.0, 0.0, 0.0, 0.002119726516353444, 0.0], [0.0, 0.0, 0.0, 0.0, 0.00014873220683976466]], [[0.005441560251660635, 0.0, 0.0, 0.0, 0.0], [0.0, 0.024975059997079954, 0.0, 0.0, 0.0], [0.0, 0.0, 0.029485514041239537, 0.0, 0.0], [0.0, 0.0, 0.0, 0.001179018920259832, 0.0], [0.0, 0.0, 0.0, 0.0, 0.0034938835822009226]], [[0.0032480911460838714, 0.0, 0.0, 0.0, 0.0], [0.0, 0.024590258258457582, 0.0, 0.0, 0.0], [0.0, 0.0, 0.05567452768873551, 0.0, 0.0], [0.0, 0.0, 0.0, 0.007561365229271975, 0.0], [0.0, 0.0, 0.0, 0.0, 0.00031266850265958973]], [[0.030380403939570824, 0.0, 0.0, 0.0, 0.0], [0.0, 0.060866647316930096, 0.0, 0.0, 0.0], [0.0, 0.0, 0.03165792943711061, 0.0, 0.0], [0.0, 0.0, 0.0, 0.0498649698025825, 0.0], [0.0, 0.0, 0.0, 0.0, 0.05061161758364918]]], "sleep_awake_time": {"means": [[0.25931590345603034, 0.4409700892907855, 0.5682071023441273, 0.218059442092856, 0.2], [0.12950029634070995, 0.4490691922123152, 0.5051767804132206, 0.0057964036984234765, 0.2145741597494762], [0.09657549381961827, 0.3336297492386256, 0.462706020335595, 0.15176149038195103, 1.9177189044244832e-29], [0.4473202378398077, 0.4331604166977908, 0.6150909399983093, 0.26153486669226583, 0.47035784633105154]]}, "sleep_wakeup_num": {"means": [[0.25931590345603034, 0.4409700892907855, 0.5682071023441273, 0.218059442092856, 0.2], [0.12950029634070995, 0.4490691922123152, 0.5051767804132206, 0.0057964036984234765, 0.2145741597494762], [0.09657549381961827, 0.3336297492386256, 0.462706020335595, 0.15176149038195103, 1.9177189044244832e-29], [0.4473202378398077, 0.4331604166977908, 0.6150909399983093, 0.26153486669226583, 0.47035784633105154]]}, "sleep_tosleep_time": {"means": [[0.25931590345603034, 0.4409700892907855, 0.5682071023441273, 0.218059442092856, 0.2], [0.12950029634070995, 0.4490691922123152, 0.5051767804132206, 0.0057964036984234765, 0.2145741597494762], [0.09657549381961827, 0.3336297492386256, 0.462706020335595, 0.15176149038195103, 1.9177189044244832e-29], [0.4473202378398077, 0.4331604166977908, 0.6150909399983093, 0.26153486669226583, 0.47035784633105154]]}, "sleep_light_time": {"means": [[0.25931590345603034, 0.4409700892907855, 0.5682071023441273, 0.218059442092856, 0.2], [0.12950029634070995, 0.4490691922123152, 0.5051767804132206, 0.0057964036984234765, 0.2145741597494762], [0.09657549381961827, 0.3336297492386256, 0.462706020335595, 0.15176149038195103, 1.9177189044244832e-29], [0.4473202378398077, 0.4331604166977908, 0.6150909399983093, 0.26153486669226583, 0.47035784633105154]]}, "transmat": [[0.5311229730538212, 0.13218916346840529, 0.1904032314956006, 0.14628463198217304], [0.753815561080935, 0.08434323771670264, 2.741108272486545e-20, 0.16184120120236237], [0.3383959551882556, 0.030748394362964355, 0.40602966853302214, 0.22482598191575792], [0.4061842099870009, 0.07011984779085063, 0.21449612357496728, 0.3091998186471812]]}}, "67": {"physical_activity": {"physicalactivity_intense_time": {"means": [[0.6133768977004271, 1.357184849179775e-91, 0.1335157106786886, 0.05173799004334943], [0.7414860953847284, 0.0005454714186659395, 0.20359786501276103, 0.33414668265948233], [0.6906194234488342, 9.960877594446436e-05, 0.01196148339248459, 0.3280275602746882], [0.9024110414182568, 0.5705903528451266, 0.35628010819216793, 0.3421133437146757], [0.8274228297165638, 0.0009811249171201742, 0.3996576245940295, 0.6154574816119608]]}, "covars": [[[0.05186815294286776, 0.0, 0.0, 0.0], [0.0, 0.0011711955827786323, 0.0, 0.0], [0.0, 0.0, 0.013327219575385315, 0.0], [0.0, 0.0, 0.0, 0.002160107887170338]], [[0.0007054429310824512, 0.0, 0.0, 0.0], [0.0, 0.00017307575379921022, 0.0, 0.0], [0.0, 0.0, 0.010971269015720181, 0.0], [0.0, 0.0, 0.0, 0.008478521439164175]], [[0.00044301402988904424, 0.0, 0.0, 0.0], [0.0, 0.00014604897968336733, 0.0, 0.0], [0.0, 0.0, 0.0005414305485695892, 0.0], [0.0, 0.0, 0.0, 0.02050397842569408]], [[0.005370072740185604, 0.0, 0.0, 0.0], [0.0, 0.08132119586626049, 0.0, 0.0], [0.0, 0.0, 0.0066294084607044276, 0.0], [0.0, 0.0, 0.0, 0.0112563301734121]], [[0.003123261509500731, 0.0, 0.0, 0.0], [0.0, 0.0006040474751088668, 0.0, 0.0], [0.0, 0.0, 0.06680824501676244, 0.0], [0.0, 0.0, 0.0, 0.03987885434486389]]], "physicalactivity_calories": {"means": [[0.6133768977004271, 1.357184849179775e-91, 0.1335157106786886, 0.05173799004334943], [0.7414860953847284, 0.0005454714186659395, 0.20359786501276103, 0.33414668265948233], [0.6906194234488342, 9.960877594446436e-05, 0.01196148339248459, 0.3280275602746882], [0.9024110414182568, 0.5705903528451266, 0.35628010819216793, 0.3421133437146757], [0.8274228297165638, 0.0009811249171201742, 0.3996576245940295, 0.6154574816119608]]}, "physicalactivity_moderate_time": {"means": [[0.6133768977004271, 1.357184849179775e-91, 0.1335157106786886, 0.05173799004334943], [0.7414860953847284, 0.0005454714186659395, 0.20359786501276103, 0.33414668265948233], [0.6906194234488342, 9.960877594446436e-05, 0.01196148339248459, 0.3280275602746882], [0.9024110414182568, 0.5705903528451266, 0.35628010819216793, 0.3421133437146757], [0.8274228297165638, 0.0009811249171201742, 0.3996576245940295, 0.6154574816119608]]}, "physicalactivity_soft_time": {"means": [[0.6133768977004271, 1.357184849179775e-91, 0.1335157106786886, 0.05173799004334943], [0.7414860953847284, 0.0005454714186659395, 0.20359786501276103, 0.33414668265948233], [0.6906194234488342, 9.960877594446436e-05, 0.01196148339248459, 0.3280275602746882], [0.9024110414182568, 0.5705903528451266, 0.35628010819216793, 0.3421133437146757], [0.8274228297165638, 0.0009811249171201742, 0.3996576245940295, 0.6154574816119608]]}, "transmat": [[1.0, 1.328714121402787e-83, 2.2784599405776113e-77, 5.7174673286401174e-241, 4.7597055821078005e-209], [1.3456181430283557e-115, 0.5913561012598474, 0.2666792813396536, 0.10336474140672496, 0.03859987599377401], [0.014172808523318087, 0.20614044627247405, 0.6599739678048704, 0.04460971358831881, 0.07510306381101862], [1.53451845681923e-310, 0.627418437860854, 0.08581782446595326, 0.2867637376731927, 7.217088381528352e-135], [1.5449723029968436e-190, 0.23051586019594253, 0.2921097797752864, 5.946217031078512e-89, 0.47737436002877115]]}, "walking": {"walk_steps": {"means": [[0.22354032775890564, 0.2176555429695734], [0.678373258592173, 0.604424473282207], [0.09550883639191224, 0.09437938718023772], [0.35988266106394595, 0.3487902099555765]]}, "walk_distance": {"means": [[0.22354032775890564, 0.2176555429695734], [0.678373258592173, 0.604424473282207], [0.09550883639191224, 0.09437938718023772], [0.35988266106394595, 0.3487902099555765]]}, "transmat": [[0.348462885930819, 0.15418010900431106, 0.24298640891452947, 0.2543705961503405], [0.19409044486754362, 0.3643492253051212, 0.14631273867695407, 0.295247591150381], [0.1853026775779703, 0.07339241048988492, 0.6083595030388506, 0.13294540889329415], [0.3358067192639633, 0.12477993084598518, 0.3539788435339191, 0.18543450635613234]], "covars": [[[0.0008447913451563203, 0.0], [0.0, 0.000856435526726566]], [[0.016212813616636533, 0.0], [0.0, 0.015337520212086835]], [[0.0026109354889863874, 0.0], [0.0, 0.002573044680464522]], [[0.0027079384414567583, 0.0], [0.0, 0.0019754057040152232]]]}, "quality_of_sleep": {"sleep_deep_time": {"means": [[0.16383173542697432, 0.4933765554718367, 0.3872543888888217, 0.40073154558939894, 0.14450170415692218], [0.6908383578535404, 0.5119377082594517, 0.5698992129178555, 0.2522030308539502, 0.7737453753791794], [0.2757960203211151, 0.4763257868898148, 0.41584068166588045, 0.2731556373137122, 0.33468032689413335], [0.14236400267401667, 0.4500943355633756, 0.37758702898845775, 7.53283049683376e-07, 0.2365432553898972]]}, "covars": [[[0.004165074774421905, 0.0, 0.0, 0.0, 0.0], [0.0, 0.034791910206878836, 0.0, 0.0, 0.0], [0.0, 0.0, 0.02633927035435005, 0.0, 0.0], [0.0, 0.0, 0.0, 0.0005622573774986655, 0.0], [0.0, 0.0, 0.0, 0.0, 0.012001003327827277]], [[0.02488581483568762, 0.0, 0.0, 0.0, 0.0], [0.0, 0.029991966471703727, 0.0, 0.0, 0.0], [0.0, 0.0, 0.048983601912099245, 0.0, 0.0], [0.0, 0.0, 0.0, 0.0739753543826476, 0.0], [0.0, 0.0, 0.0, 0.0, 0.027897367869789292]], [[0.025246086471258363, 0.0, 0.0, 0.0, 0.0], [0.0, 0.040870625452845054, 0.0, 0.0, 0.0], [0.0, 0.0, 0.013937760397748347, 0.0, 0.0], [0.0, 0.0, 0.0, 0.02656360684068554, 0.0], [0.0, 0.0, 0.0, 0.0, 0.027111877824865606]], [[0.01571324467275602, 0.0, 0.0, 0.0, 0.0], [0.0, 0.02272489566918903, 0.0, 0.0, 0.0], [0.0, 0.0, 0.016447439428559897, 0.0, 0.0], [0.0, 0.0, 0.0, 0.0001710626424728697, 0.0], [0.0, 0.0, 0.0, 0.0, 0.038323788658038385]]], "sleep_awake_time": {"means": [[0.16383173542697432, 0.4933765554718367, 0.3872543888888217, 0.40073154558939894, 0.14450170415692218], [0.6908383578535404, 0.5119377082594517, 0.5698992129178555, 0.2522030308539502, 0.7737453753791794], [0.2757960203211151, 0.4763257868898148, 0.41584068166588045, 0.2731556373137122, 0.33468032689413335], [0.14236400267401667, 0.4500943355633756, 0.37758702898845775, 7.53283049683376e-07, 0.2365432553898972]]}, "sleep_wakeup_num": {"means": [[0.16383173542697432, 0.4933765554718367, 0.3872543888888217, 0.40073154558939894, 0.14450170415692218], [0.6908383578535404, 0.5119377082594517, 0.5698992129178555, 0.2522030308539502, 0.7737453753791794], [0.2757960203211151, 0.4763257868898148, 0.41584068166588045, 0.2731556373137122, 0.33468032689413335], [0.14236400267401667, 0.4500943355633756, 0.37758702898845775, 7.53283049683376e-07, 0.2365432553898972]]}, "sleep_tosleep_time": {"means": [[0.16383173542697432, 0.4933765554718367, 0.3872543888888217, 0.40073154558939894, 0.14450170415692218], [0.6908383578535404, 0.5119377082594517, 0.5698992129178555, 0.2522030308539502, 0.7737453753791794], [0.2757960203211151, 0.4763257868898148, 0.41584068166588045, 0.2731556373137122, 0.33468032689413335], [0.14236400267401667, 0.4500943355633756, 0.37758702898845775, 7.53283049683376e-07, 0.2365432553898972]]}, "sleep_light_time": {"means": [[0.16383173542697432, 0.4933765554718367, 0.3872543888888217, 0.40073154558939894, 0.14450170415692218], [0.6908383578535404, 0.5119377082594517, 0.5698992129178555, 0.2522030308539502, 0.7737453753791794], [0.2757960203211151, 0.4763257868898148, 0.41584068166588045, 0.2731556373137122, 0.33468032689413335], [0.14236400267401667, 0.4500943355633756, 0.37758702898845775, 7.53283049683376e-07, 0.2365432553898972]]}, "transmat": [[0.20816094087077736, 0.1528598350142076, 0.2616717581854285, 0.3773074659295866], [0.13548298640247303, 0.17266993652544857, 0.12610570241148186, 0.5657413746605965], [0.26134453825526166, 0.09350629330405813, 0.3407940193423095, 0.3043551490983706], [0.2739990603665105, 0.05627899918048808, 0.32313037014050183, 0.3465915703124997]]}}, "68": {"physical_activity": {"physicalactivity_intense_time": {"means": [[0.8445753355257885, 1.6003400672199115e-133, 0.19705486914127524, 0.20499391989680318], [0.8621680145714284, 1.0, 0.2584033614285714, 0.20784415842857143], [0.6606241181595478, 0.04373144686044477, 0.3401212686554796, 0.31703349149546645], [0.7744243954943256, 4.916887779572811e-124, 0.007256269900127206, 0.11534777641167107]]}, "covars": [[[0.0008170754540501591, 0.0, 0.0, 0.0], [0.0, 9.998939979239596e-05, 0.0, 0.0], [0.0, 0.0, 0.011756299903486065, 0.0], [0.0, 0.0, 0.0, 0.0021157640184948454]], [[0.001863701030100456, 0.0, 0.0, 0.0], [0.0, 0.0014285714285714286, 0.0, 0.0], [0.0, 0.0, 0.007598686509780413, 0.0], [0.0, 0.0, 0.0, 0.002262617693967072]], [[0.1312843935501739, 0.0, 0.0, 0.0], [0.0, 0.010769680145021079, 0.0, 0.0], [0.0, 0.0, 0.10537162521288933, 0.0], [0.0, 0.0, 0.0, 0.11067074998453226]], [[0.0007438313877699957, 0.0, 0.0, 0.0], [0.0, 0.00015089172028985166, 0.0, 0.0], [0.0, 0.0, 0.0002914755100169374, 0.0], [0.0, 0.0, 0.0, 0.005579988728033974]]], "physicalactivity_calories": {"means": [[0.8445753355257885, 1.6003400672199115e-133, 0.19705486914127524, 0.20499391989680318], [0.8621680145714284, 1.0, 0.2584033614285714, 0.20784415842857143], [0.6606241181595478, 0.04373144686044477, 0.3401212686554796, 0.31703349149546645], [0.7744243954943256, 4.916887779572811e-124, 0.007256269900127206, 0.11534777641167107]]}, "physicalactivity_moderate_time": {"means": [[0.8445753355257885, 1.6003400672199115e-133, 0.19705486914127524, 0.20499391989680318], [0.8621680145714284, 1.0, 0.2584033614285714, 0.20784415842857143], [0.6606241181595478, 0.04373144686044477, 0.3401212686554796, 0.31703349149546645], [0.7744243954943256, 4.916887779572811e-124, 0.007256269900127206, 0.11534777641167107]]}, "physicalactivity_soft_time": {"means": [[0.8445753355257885, 1.6003400672199115e-133, 0.19705486914127524, 0.20499391989680318], [0.8621680145714284, 1.0, 0.2584033614285714, 0.20784415842857143], [0.6606241181595478, 0.04373144686044477, 0.3401212686554796, 0.31703349149546645], [0.7744243954943256, 4.916887779572811e-124, 0.007256269900127206, 0.11534777641167107]]}, "transmat": [[0.7537147516322322, 0.04030850476491456, 0.057161040264410566, 0.1488157033384428], [0.7171199102707589, 0.14285714285717938, 2.863344135610943e-27, 0.14002294687206168], [0.5674135397205303, 3.242657966328747e-42, 1.938695611617619e-31, 0.43258646027946973], [0.2555346951618281, 0.02970638794841939, 8.997857053191707e-19, 0.7147589168897526]]}, "walking": {"walk_steps": {"means": [[0.36315300143897544, 0.37357675351606046], [0.01351993271649809, 0.015335893055392503], [0.4977041977115797, 0.5008758859807306], [0.18599286016538547, 0.19644182415107272], [0.7364563061195795, 0.7341836355632734]]}, "walk_distance": {"means": [[0.36315300143897544, 0.37357675351606046], [0.01351993271649809, 0.015335893055392503], [0.4977041977115797, 0.5008758859807306], [0.18599286016538547, 0.19644182415107272], [0.7364563061195795, 0.7341836355632734]]}, "transmat": [[0.5225809664085648, 0.059359447347284815, 0.21725245352538244, 0.200807132718768, 1.6576082739870847e-19], [0.1667917752687277, 0.7852710365066783, 2.894776800034862e-58, 0.04793718822459397, 5.030221840383775e-24], [0.3507521127548514, 2.2983944184326053e-16, 0.36981220640374146, 0.12815609250797527, 0.15127958833343153], [0.33792948040026244, 1.0855488421474989e-33, 0.058913490261161355, 0.5824222595862777, 0.020734769752298633], [0.17947259812440894, 0.15886051804582918, 0.6616668838297619, 7.009719996838636e-23, 1.4477965297967931e-37]], "covars": [[[0.0021255409496322, 0.0], [0.0, 0.0017466831669661462]], [[0.0009986684357538326, 0.0], [0.0, 0.0011499210324070381]], [[0.002424493634869489, 0.0], [0.0, 0.00234354012719971]], [[0.002370079823102578, 0.0], [0.0, 0.002694969827083298]], [[0.02101203891221854, 0.0], [0.0, 0.020948177369113273]]]}, "quality_of_sleep": {"sleep_deep_time": {"means": [[0.12094762972760131, 0.10777148365684569, 0.15248949222679498, 0.03381259404852557, 0.15903020992385003], [0.2502510025520251, 0.27021826732521576, 0.44411818050312085, 0.0013744406611369499, 0.37073894777472355], [0.4800722890344739, 0.39232338829519275, 0.6161371043683176, 0.13216706336075298, 0.6120852976465248], [0.36731414175368254, 0.2302529257779672, 0.2703926617475017, 0.425480250610407, 0.36184836997375935]]}, "covars": [[[0.006145985199415237, 0.0, 0.0, 0.0, 0.0], [0.0, 0.0037583730953188008, 0.0, 0.0, 0.0], [0.0, 0.0, 0.007403443819818967, 0.0, 0.0], [0.0, 0.0, 0.0, 0.0040396542955747515, 0.0], [0.0, 0.0, 0.0, 0.0, 0.007993549395309983]], [[0.01800539338071676, 0.0, 0.0, 0.0, 0.0], [0.0, 0.03145897740075697, 0.0, 0.0, 0.0], [0.0, 0.0, 0.029169470337487353, 0.0, 0.0], [0.0, 0.0, 0.0, 0.00021659712462693357, 0.0], [0.0, 0.0, 0.0, 0.0, 0.022173783132559976]], [[0.0315174891913452, 0.0, 0.0, 0.0, 0.0], [0.0, 0.032065676959045136, 0.0, 0.0, 0.0], [0.0, 0.0, 0.035466123329637333, 0.0, 0.0], [0.0, 0.0, 0.0, 0.01713690097774074, 0.0], [0.0, 0.0, 0.0, 0.0, 0.043533589063714524]], [[0.014880909753723448, 0.0, 0.0, 0.0, 0.0], [0.0, 0.005576869640863958, 0.0, 0.0, 0.0], [0.0, 0.0, 0.01149465584460844, 0.0, 0.0], [0.0, 0.0, 0.0, 0.11223759471595468, 0.0], [0.0, 0.0, 0.0, 0.0, 0.01276432110067224]]], "sleep_awake_time": {"means": [[0.12094762972760131, 0.10777148365684569, 0.15248949222679498, 0.03381259404852557, 0.15903020992385003], [0.2502510025520251, 0.27021826732521576, 0.44411818050312085, 0.0013744406611369499, 0.37073894777472355], [0.4800722890344739, 0.39232338829519275, 0.6161371043683176, 0.13216706336075298, 0.6120852976465248], [0.36731414175368254, 0.2302529257779672, 0.2703926617475017, 0.425480250610407, 0.36184836997375935]]}, "sleep_wakeup_num": {"means": [[0.12094762972760131, 0.10777148365684569, 0.15248949222679498, 0.03381259404852557, 0.15903020992385003], [0.2502510025520251, 0.27021826732521576, 0.44411818050312085, 0.0013744406611369499, 0.37073894777472355], [0.4800722890344739, 0.39232338829519275, 0.6161371043683176, 0.13216706336075298, 0.6120852976465248], [0.36731414175368254, 0.2302529257779672, 0.2703926617475017, 0.425480250610407, 0.36184836997375935]]}, "sleep_tosleep_time": {"means": [[0.12094762972760131, 0.10777148365684569, 0.15248949222679498, 0.03381259404852557, 0.15903020992385003], [0.2502510025520251, 0.27021826732521576, 0.44411818050312085, 0.0013744406611369499, 0.37073894777472355], [0.4800722890344739, 0.39232338829519275, 0.6161371043683176, 0.13216706336075298, 0.6120852976465248], [0.36731414175368254, 0.2302529257779672, 0.2703926617475017, 0.425480250610407, 0.36184836997375935]]}, "sleep_light_time": {"means": [[0.12094762972760131, 0.10777148365684569, 0.15248949222679498, 0.03381259404852557, 0.15903020992385003], [0.2502510025520251, 0.27021826732521576, 0.44411818050312085, 0.0013744406611369499, 0.37073894777472355], [0.4800722890344739, 0.39232338829519275, 0.6161371043683176, 0.13216706336075298, 0.6120852976465248], [0.36731414175368254, 0.2302529257779672, 0.2703926617475017, 0.425480250610407, 0.36184836997375935]]}, "transmat": [[0.4763365294649543, 0.25635623983310446, 0.26730723070194123, 1.351271620825372e-36], [0.038674246483742035, 0.611880121453853, 0.21516223607228954, 0.1342833959901156], [0.09302269156016477, 0.46369445078333765, 0.44328285765649755, 6.598035659873302e-29], [0.1065054165938452, 0.43297198928672875, 0.2500527490725019, 0.21046984504692412]]}}}